312,4,0
2200801090000086999,20080109 15:39:11,1,16221460100046425EC0F1EF37D78F736305F89704B54,0,111,156,,,Y,
2200801090000087000,20080109 15:39:11,1,16221460100046425EC0F1EF37D78F736305F89704B54,0,222,156,,,N,
2200801090000087001,20080109 15:39:11,1,16221460100046425EC0F1EF37D78F736305F89704B54,0,330,156,,,Y,
1200801090000087004,20080109 15:39:11,1,16221460100046425EC0F1EF37D78F736305F89704B54,0,3000,156,,,Y,
1200801090000087005,20080109 15:39:11,1,16221460100046425EC0F1EF37D78F736305F89704B54,0,3000,156,,,Y,
1200801090000087003,20080109 15:39:11,1,16221460100046425EC0F1EF37D78F736305F89704B54,0,2001,156,,,Y,
1200801090000086970,20080109 15:39:11,1,16221460100046425EC0F1EF37D78F736305F89704B54,0,200,156,,,Y,
2200801090000086960,20080109 15:39:11,1,16221460100046425EC0F1EF37D78F736305F89704B54,0,22,156,,,Y,
1479017,20080109 15:39:11,0,123569856123569856123569856123569856123569856,0,100,156,,,Y,
1479017,20080109 15:39:11,0,123569856123569856123569856123569856123569856,0,100,156,,,Y,
1479018,20080109 15:39:11,0,123569856123569856123569856123569856123569856,0,200,156,,,N,
1479018,20080109 15:39:11,0,123569856123569856123569856123569856123569856,0,200,156,,,N,
1479019,20080109 15:39:11,0,123569856123569856123569856123569856123569856,0,300,156,,,T,
1111111,20080109 15:39:11,0,123569856123569856123569856123569856123569856,0,300,156,,,Y,
1478930,20080109 15:39:11,0,123569856123569856123569856123569856123569856,0,300,156,,,F,
1478907,20080109 15:39:11,0,256985658256985658256985658256985658256985678,0,222,156,,,Y,