13878,14
1316,20070803 14:28:23,1621977000004A97FB563EDE6E2DF3EABD77D2EB75B69,0,160,156,2900052801,20070718
1318,20070803 14:28:23,1621977000004A97FB563EDE6E2DF3EABD77D2EB75B69,0,96,156,30706120000000000367,20070718
1319,20070803 14:28:23,1621977000004A97FB563EDE6E2DF3EABD77D2EB75B69,0,1600,156,107061220070612025600860002615,20070718
1416,20070803 14:28:23,16219770000025223FDDD3A8AA10F085D899AC7F64D37,0,10100,156,2200707110256176900000056052,20070711
1436,20070803 14:28:23,200706200000000101,0,100,156,100000055630,20070627
1438,20070803 14:28:23,16219770000025223FDDD3A8AA10F085D899AC7F64D37,0,100,156,2200707100256154600000056006,20070710
1439,20070803 14:28:23,2007070520070705200707052007070520070888888888,0,600,156,1900052948,20070712
1440,20070803 14:28:23,2007070520070705200707052007070520070888888888,0,600,156,1900052947,20070712
1443,20070803 14:28:23,1621977000004A97FB563EDE6E2DF3EABD77D2EB75B69,0,1,156,2200707180000056167,20070718
1444,20070803 14:28:23,1621977000004A97FB563EDE6E2DF3EABD77D2EB75B69,0,100,156,2200707180000056166,20070718
1456,20070803 14:28:23,1621977000008E3790C59A16D85E61739AFB663EB01F1,0,108,156,2200707190000056309,20070719
1457,20070803 14:28:23,1621977000008E3790C59A16D85E61739AFB663EB01F1,0,107,156,2200707190000056307,20070719
1458,20070803 14:28:23,1621977000008E3790C59A16D85E61739AFB663EB01F1,0,106,156,2200707190000056304,20070719
1459,20070803 14:28:23,1621977000008E3790C59A16D85E61739AFB663EB01F1,0,100,156,2200707190000056298,20070719