278048,1,10
2007062112121212335566,20080215 12:52:45,1,143150200000E9DB7A4D147455CA08CE04129CA078AD2,0,2347,156,,,N,
2007062112121212339911,20080215 12:59:35,1,143150200000E9DB7A4D147455CA08CE04129CA078AD2,0,278048,156,,,Y,
1200801090000088151,20080215 13:03:55,2,143150200000E9DB7A4D147455CA08CE04129CA078AD2,0,3443,156,2007062112121212339911,20080121,N,
1200801090000088154,20080215 13:19:26,2,143150200000E9DB7A4D147455CA08CE04129CA078AD2,0,1111,156,2007062112121212339911,20080121,N,
1200801090000088155,20080215 13:19:26,2,143150200000E9DB7A4D147455CA08CE04129CA078AD2,0,3322,156,2007062112121212339911,20080121,N,
1200801090000088158,20080215 13:37:15,2,143150200000E9DB7A4D147455CA08CE04129CA078AD2,0,1786,156,2007062112121212339911,20080121,N,
1200801090000088159,20080215 13:37:15,2,143150200000E9DB7A4D147455CA08CE04129CA078AD2,0,1835,156,2007062112121212339911,20080121,N,
1200801090000088160,20080215 14:29:34,2,143150200000E9DB7A4D147455CA08CE04129CA078AD2,0,751,156,2007062112121212339911,20080121,N,
1200801090000088161,20080215 14:29:34,2,143150200000E9DB7A4D147455CA08CE04129CA078AD2,0,862,156,2007062112121212339911,20080121,N,
1200801090000088162,20080215 14:44:46,2,143150200000E9DB7A4D147455CA08CE04129CA078AD2,0,345,156,2007062112121212339911,20080121,N,
1200801090000088163,20080215 14:44:46,2,143150200000E9DB7A4D147455CA08CE04129CA078AD2,0,455,156,2007062112121212339911,20080121,N,